3092803
3187781
3405527
3244569
3596786
3226557
3405527
3596786
3405588
618981
3187781
3244569
3430415
4058546
3244472
3405628
3596713
3239916
3597052
3597021
3405596
3597048
3777768
3405535
3405548
3599720
3244547
3405639
3596888
3200883
3596758
3405645
3777767
3018843
3985290
3244472
3430415
3596758
3405639
3226567
3596844
3596761
3200884
3405588
3620624
3092801
3405578
4058546
3405535
3596883
3475284
3596771
3405525
3596973
3018843
3596790
3596889
3405551
3405548
3244547
3226556
3596974
3405584
3596759
3405533
3405583
3405530
3405550
3405531
3596885
3596784
3405528
3405579
3193108
3596920
3405655
3405626
3596717
3777764
3596925
3244473
3596785
3405532
3405614
3758560
3596713
3596714
3405596
3596884
4058545
3244480
3405555
3596716
3200883
3597030
3985290
618981
3596876
3620627
3597051
3200882
3596757
3405582
3597052
3596877
3405636
3233714
3596756
3405544
3405599
3405622
3475287
3596755
3596921
3596888
3599720
3405598
3405628
3405621
3596878
3092804
3244544
3596977
3475282
3597021
3596782
618971
3596836
3226570
3596822
3597053
3226650
3244585
3596783
3405641
3405529
3475286
3244546
3620623
3405645
3594628
3777569
3244612
3405649
3498482
3405552
3498483
3244609
3596769
3498477
3405577
3599722
3594633
3596882
3405619
3597018
3405542
3596763
3166176
3405557
3405549
3596887
3405534
3405543
3405630
3597019
3599721
3239916
3156354
3777767
619001
3594634
3596800
3405546
3596777
3200890
3144096
3405565
3244485
3596926
3405526
3596972
3405644
3405553
3596711
3405547
3597029
3596770
3405607
3594627
3596774
3498476
3596796
3596778
3099183
3226589
3200881
3597050
3594626
3244576
3405560
3597048
3226632
3405632
3596715
3405580
2496001
3599719
3405592
3498474
3405654
3596747
3018899
3181586
3226561
3405620
3244543
3405616
3188096
3226648
3156351
3405595
3405576
3596890
3156347
3226725
3889880
3596976
3596843
3226681
3405545
3244551
3405629
3244582
3599724
3244510
3405558
3498473
3597026
3498481
3599723
3596772
3405539
3405612
3226558
3244511
3244549
619011
3144089
3405631
3405617
3244584
3200859
3498479
3108625
3334779
3596975
3226594
3596970
3405640
3890016
3405541
3226565
3777768
3596776
3596818
3596840
3988995
3334780
3175847
3244527
3244575
3405556
3596779
3226634
3405613
3597034
3142201
3226571
3244581
3405566
3405615
3596842
3244600
3142205
3104158
3405572
3405633
619041
3234225
3758558
3244528
3226666
3596971
3226693
3226647
3405573
3244529
3244580
3142206
3405561
3226645
3405585
3596927
3405618
3244555
3405569
3194226
3244535
3596775
3405574
3498475
3244583
3226643
3596880
3244515
3226568
3187779
3200856
3226677
3156360
3405590
3226569
3594629
3244487
3156348
3144103
3244524
3239830
3234223
3405594
3596881
3597028
3498480
3239910
3244523
3244526
3244578
3226566
3599725
3405562
3156345
3226563
3596804
3104160
3142211
3226564
3239915
3244531
3244479
3244507
3239911
3226702
3244577
3405575
3226593
3142018
3239909
3142039
3144108
3244618
3175842
3244573
3142021
3244619
3145497
3226646
3234227
3244514
3142203
3156350
3234226
3405554
3175851
3175945
3144088
3104157
3244519
2997142
3251242
2716151
3142020
3405591
3251243
3142014
3244521
3251239
3142034
2496871
3244617
3226560
3175870
3244518
3251241
1639901
1981981
2496481
2496491
2716641
2954071
3018870
3092814
3104159
3142026
3142029
3142209
3175932
3176016
3200858
3226608
3226726
3234224
3244520
3244572
3244574
3244590
3244602
3405567
3596781
3596968
3596969
3597020
3758559
3108097
3099181
3244486
3092802
3099182
3405623
3405650
3181587
4058547
3226586
3142077
3430417
3188097
164642
3405536
3596845
3142049
3405625
3226680
3405624
3405609
3200891
3597035
3244608
3175977
3777766
3176052
3386280
3405646
3244599
3405627
3405601
3244537
3244611
3405637
3405611
3122105
3176040
3405652
3386281
3175869
3597027
3475280
3386282
3498484
3405610
2497211
3620628
3226695
3405648
3200892
3597031
3188099
3244548
3226605
3596768
3244603
3156340
3181585
3405586
3546360
3226711
3142024
3405587
3142040
3405608
2497101
3226709
3890015
3498472
3244598
3596765
3244545
3244513
3142264
3405643
3226649
3226704
3890017
3226653
3597049
3244532
3334781
3405653
3889884
3244536
3405538
3758561
3596766
3156355
3405638
3596764
3396151
3244607
3175845
3176049
3150682
3405537
3405540
3226585
3405634
3018898
3087054
3226626
3176051
3597032
3244586
3200885
3596767
3405642
3193106
3156372
3226750
3597024
3405606
3226744
3226584
3405597
3596780
3226590
3192667
3142083
3475283
3144118
3244593
3620625
2496311
3226630
3244579
3122102
3104174
3244525
3226587
3244592
3226722
3142079
3239914
3244597
3244595
3226729
3226732
3405563
3244481
3226678
3187780
3244553
