12399
8989
1329
3979
1299
3999
1329
1299
1499
599
8989
3979
5629
2029
1599
599
1599
299
3349
1499
1189
2149
329
1999
2129
799
5629
4699
629
649
1499
1069
3109
16789
26389
1599
5629
1499
4699
4999
10499
2399
16999
1499
6699
1999
4199
2029
1999
2499
5999
8999
1909
7999
16789
2169
1499
11389
2129
5629
3109
2999
5389
9999
3109
2499
1599
7789
2399
9599
11389
699
8499
7789
3999
20269
5389
4299
2029
5299
649
8799
5999
2099
16189
1599
1599
1189
5799
2029
11989
4309
2499
649
17749
26389
599
31189
8499
3899
3869
8499
1499
3349
49189
1189
1299
3769
3869
9589
5389
4309
2989
7999
629
799
6899
599
4309
2389
2149
3589
5389
4999
1499
7789
1299
3109
1909
2029
5509
2199
4309
6799
3349
749
4309
3699
2399
1069
3899
2389
27589
11999
2149
1239
2149
38389
5389
1159
3139
2259
5989
23629
1699
7789
5389
4499
289
609
5389
629
3109
3109
849
9999
2259
299
6589
3109
3824
8389
6589
1349
579
11389
1669
2389
8989
2599
949
799
2149
799
949
1299
10189
10189
2149
3349
799
1149
4599
699
1789
1069
8989
6589
329
2099
619
2149
14989
3349
3769
1599
1669
1349
1499
409
41869
1789
491
3589
2029
2029
2149
739
4849
799
3879
289
589
799
1449
7569
2149
4309
649
2499
1309
13789
949
1069
5419
8989
589
5509
1069
1459
3789
2499
1799
6589
2989
5389
4429
2989
1909
949
709
3109
3109
1349
2149
5799
2029
4429
899
1069
7189
3229
749
329
759
1799
3699
9999
4309
4549
649
3229
609
799
889
2629
8989
4549
709
1069
629
4429
649
8989
1199
999
649
3349
1549
3421
349
649
2389
899
2149
2989
649
2109
1069
3589
349
2029
799
4429
349
4189
649
289
2989
889
649
1109
1069
1909
5509
949
469
2149
5389
799
2749
889
469
3349
5149
2199
1189
589
529
2389
2989
8989
8389
1499
579
289
649
7789
4069
7679
629
949
1549
349
3589
6349
1549
289
889
5989
2029
579
289
2699
349
5389
2629
579
4789
1189
589
5029
2149
889
2109
229
2029
4429
3949
889
3349
2989
3109
2749
709
949
1309
829
2389
829
2029
949
889
829
1549
829
919
1189
349
579
409
709
829
829
2029
7189
1429
7789
349
8269
1189
4549
2629
709
709
8389
709
10189
2029
829
11389
2149
829
5629
2149
7789
7549
589
5389
7789
10789
16189
11389
11389
11389
11389
11389
11389
11389
11389
11389
11389
11389
11389
11389
11389
11389
11389
11389
11389
11389
11389
11389
11389
11389
11389
11389
11389
11389
11389
11389
11389
11389
11389
11389
11389
11389
11389
11389
11389
11389
11389
11389
11389
11389
11389
11389
11389
11389
11389
11389
11389
11389
11389
11389
11389
11389
11389
11389
11389
11389
11389
11389
11389
11389
11389
11389
11389
11389
11389
11389
11389
11389
11389
11389
11389
11389
11389
11389
11389
11389
11389
11389
11389
11389
11389
11389
11389
11389
11389
11389
11389
11389
11389
11389
11389
11389
11389
11389
11389
11389
11389
11389
11389
11389
11389
11389
11389
11389
11389
11389
11389
11389
11389
11389
11389
11389
11389
11389
11389
11389
11389
11389
11389
11389
11389
11389
11389
11389
11389
11389
11389
11389
11389
11389
11389
11389
11389
11389
11389
11389
11389
11389
11389
11389
11389
11389
11389
11389
